7536
12045
12222
37473
6615
12205
12212
12226
11404
12129
12403
12221
30741
9760
9783
117366
6706
8184
8620
23718
12318
12404
12396
26106
14512
16439
122397
6616
30797
22799
763
22788
12289
21564
12406
10927
6700
6628
16550
14789
6708
7435
6625
21712
12716
8559
6607
122237
23644
6608
6630
9872
6631
12348
6633
28174
11782
16362
16364
12722
12715
18147
25841
12397
22771
6624
9091
8376
23708
4445
12320
16363
9233
8362
176
9226
26317
5539
12417
11988
9807
6641
6637
31372
7650
11997
3283
17097
8880
6626
26578
12398
6617
6640
408
17048
11998
14329
13551
6627
6638
123660
115130
7479
30038
8528
35104
1009
7299
8734
9999
37481
1020
1023
12007
123656
10033
6646
73353
11439
11754
123659
36538
16373
11084
10394
9013
12277
7331
10351
11359
8851
8951
10034
9990
9899
2113
11078
11156
11164
8384
29723
7320
8668
4109
9850
12047
9911
11748
9268
22991
36102
7482